
1278526516150730756
1278524844724781060
1278526516150730756
1278526516150730756
1278528983722647556
1278530039517048837
1278530389946929156
1278534266624720900
1278535749252468740
1278536733462683652
1278537124191469572
1278539655156076548
1278544488743358469
1278537762157674501
1278546569600483333
1278548216242270213
1278546975307137029
1278548558078083077
1292791380259946500
1292791770623832069
1292792167551778827
1292792624504385541
1292792894005239815
1292794109527076868
1292794798013730820
1292798310474891268
1292798806073831429
1296372478076268549
1296372473991069700
1296372469964537861
1296372466177073157
1296372130284597254
1296372104695144452
1296372024927895557
1296372020456824838
1296371729082679300
1296371725135826948
1296368677546102789
1296368674102603781
1296367715024662532
1296367546975678469
1296381957924823044
1296381909644095492
1296382260539621380
1296382793363017732
1296383294351667205
1296397257047019524
1296399063311474692
1296402328858157060
1296402643066081284
